     10     20      5     30
     40     15     25
     50     60     35     45
     70
     55
     65     75     85
     95     80     90    105
    115    125    100
    110    120    135
    130
    140    150
    145    160
    170
    180
    190    155    165
    200    210
    175    220    230
    240
    185    250
    260    195    270    205
    215    225
    280    235    290    245    300    310
    255    265    275    285    295    305
    320    330    315    340
    350    325    360
    370    380
    390    400    410
    335    345    420    355    365    430    440    375    385
    395    405    450    415    425    460    470    435    445    480    455
    490
    500    465    475    510    520    530
    485
    495
    540
    550    560    570    580
    505    590    515    600    525
    535    610    620
    545
    630    640    555    565    575
    650    660    670
    680    690    700    710
    720    730
    740    585    750    595    605    615    760
    625    635    645
    655
    770    780    790
    800    810
    820    665
    675
    685    830    695
    840    850    860
    705
    715    725    735    745    870    755
    765    880    890    900    910    920    930
    940    775
    950    960    970    980    990    785
    795   1000   1010    805    815   1020   1030    825    835    845   1040    855   1050
   1060   1070   1080   1090
   1100   1110
   1120
   1130
    865    875    885   1140
    895
   1150
   1160
   1170    905    915    925    935   1180
   1190    945    955
   1200
   1210
   1220   1230   1240   1250   1260
    965    975   1270
   1280    985
    995   1005   1015   1025
   1290   1035
   1045   1055   1065   1300   1075
   1085   1310   1095
   1105   1320   1115
   1330   1125
   1340
   1135   1145
   1350
   1360
   1155
   1370   1380   1390   1165   1400   1410
   1420
   1430   1440   1450   1175   1185
   1195   1205   1460   1470   1480   1490
   1500   1215   1225   1510
   1235   1520   1530   1540
   1550   1245   1255   1265
   1275
   1285   1295   1305   1315
   1325   1335
   1560   1570   1345
   1580   1355   1365
   1590   1375   1385   1600   1395   1405   1610   1620   1415
   1425   1630   1435   1445   1455   1640   1650   1465   1660   1475
   1670   1680   1690
   1700
   1710
   1485   1720
   1730
   1495   1505   1515
   1525   1740   1750   1535
   1760
   1545   1555
   1565
   1575   1585   1595   1770   1605   1615   1780   1790
   1625
   1800
   1635   1810   1820
   1830   1840   1850   1645
   1655   1665   1675   1860
   1685
   1695   1870   1880
   1705
   1715
   1725
   1890   1735   1900   1745   1755   1765   1775   1785
   1910
   1795
   1920   1930
   1805
   1940   1815
   1950   1960   1970   1825   1980   1835   1990
   1845   1855
   1865   2000
   2010   2020
   2030
   2040   1875   2050
   1885   1895   2060
   2070
   1905   1915
   1925   1935   1945   1955   1965
   2080   1975
   2090
   2100   1985
   2110   2120   1995   2130
   2140   2005
   2150   2015
   2025   2160   2170   2035   2045   2180   2055
   2190   2200   2210
   2065
   2220   2075
   2230   2240   2085   2250
   2260   2270
   2095   2280
   2290   2105   2115   2300   2125   2310   2135
   2320   2145
   2155   2330
   2165   2175   2340
   2350   2360   2370
   2380   2185
   2390
   2400   2195   2410
   2420   2430   2205   2215   2440   2225   2235
   2245
   2255   2265
   2450
   2275   2460   2285
   2470
   2295   2305   2315   2325   2480   2335   2490   2500
   2510   2520   2530   2540   2550
   2345   2560   2570   2355   2580   2590   2365   2375   2385   2395
   2600   2610   2405   2620   2630   2415
   2640   2425
   2435
   2650   2445   2455   2465   2475   2485   2660   2670
   2495   2505   2515   2525   2680   2690
   2700
   2710   2720
   2535   2730   2545   2740   2750
   2555   2565
   2760   2575
   2585   2770   2595
   2605   2615   2780
   2790
   2625   2635   2645   2655   2800   2810
   2665   2675   2685   2695
   2705   2715   2820   2725   2830   2735
   2745   2755   2765
   2775   2785   2840   2795
   2850   2805   2860   2870   2815   2880   2890
   2825   2835   2845   2900
   2855
   2910
   2865   2920   2930
   2875
   2885   2895   2940   2950   2905
   2915
   2960   2970   2925   2980   2990   2935
   3000   2945
   2955   3010   2965
   2975   3020
   2985   3030
   3040
   2995
   3005   3015
   3025   3035
   3050   3045   3055   3060   3070   3065   3080
   3075   3085   3090
   3095   3105   3100
   3110   3115   3120   3130   3125   3135
   3140   3145   3155
   3165   3175   3185
   3195
   3205   3150   3215   3225   3160   3170   3235   3245
   3180
   3190   3200   3255
   3265   3275   3210
   3220
   3285   3295   3305   3230
   3240
   3315   3325   3335   3345
   3355   3250   3365
   3375   3385   3395   3405   3260   3270   3415   3425
   3435   3280
   3290   3300
   3445
   3455   3310   3465   3320   3475
   3330   3485   3495   3340   3350   3360   3370
   3505   3515
   3380   3390   3400   3525
